002840	
002907	
002909	
002912	
002915	
002921	
002922	
002923	
002925	
002927	
002929	
300572	
300577	
300601	
300607	
300612	
300618	
300624	
300630	
300644	
300645	
300661	
300666	
300672	
300676	
300680	
300684	
300685	
300691	
300700	
300706	
300708	
300720	
300725	
300727	
300730	
300731	
300732	
300738	
300740	
600903	
603056	
603081	
603180	
603260	
603283	
603329	
603337	
603488	
603501	
603506	
603516	
603533	
603595	
603612	
603655	
603707	
603709	
603712	
603801	
603986	
