000333	
002025	
002026	
002035	
002044	
002046	
002050	
002061	
002087	
002105	
002178	
002236	
002398	
002649	
002652	
002669	
002676	
002677	
002685	
002687	
002694	
002718	
002742	
002745	
002749	
002757	
002812	
002821	
002828	
002833	
002838	
002840	
002856	
002879	
002883	
002902	
002907	
002908	
002909	
002912	
002915	
002916	
002919	
002921	
002922	
002923	
002925	
002927	
002928	
002929	
300072	
300176	
300260	
300270	
300281	
300308	
300309	
300316	
300320	
300330	
300335	
300357	
300382	
300391	
300393	
300398	
300415	
300423	
300450	
300470	
300472	
300475	
300477	
300478	
300482	
300487	
300554	
300567	
300571	
300572	
300577	
300584	
300588	
300595	
300601	
300603	
300604	
300607	
300612	
300618	
300624	
300629	
300630	
300639	
300642	
300644	
300645	
300648	
300653	
300654	
300655	
300661	
300666	
300671	
300672	
300673	
300675	
300676	
300677	
300678	
300680	
300681	
300684	
300685	
300687	
300691	
300692	
300697	
300699	
300700	
300706	
300707	
300708	
300711	
300715	
300718	
300720	
300722	
300725	
300727	
300730	
300731	
300732	
300738	
300740	
600114	
600903	
600985	
601155	
603030	
603039	
603056	
603059	
603081	
603083	
603096	
603127	
603180	
603233	
603260	
603269	
603283	
603286	
603288	
603320	
603329	
603337	
603338	
603356	
603383	
603387	
603429	
603488	
603501	
603506	
603516	
603533	
603578	
603588	
603595	
603612	
603617	
603638	
603655	
603660	
603688	
603699	
603707	
603709	
603712	
603757	
603788	
603799	
603801	
603825	
603871	
603889	
603895	
603912	
603938	
603939	
603960	
603986	
