600114	

600903	

600929	

600985	

601155	

603002	

603030	

603032	

603039	

603040	

603056	

603079	

603081	

603083	

603096	

603106	

603127	

603167	

603179	

603180	

603200	

603214	

603232	

603233	

603260	

603269	

603283	

603286	

603288	

603289	

603320	

603329	

603337	

603338	

603356	

603363	

603387	

603396	

603429	

603466	

603477	

603488	

603499	

603501	

603506	

603516	

603527	

603533	

603536	

603578	

603588	

603595	

603605	

603612	

603617	

603638	

603639	

603655	

603660	

603683	

603688	

603707	

603709	

603712	

603722	

603726	

603728	

603757	

603788	

603799	

603801	

603816	

603825	

603829	

603848	

603856	

603866	

603871	

603879	

603882	

603889	

603895	

603912	

603933	

603937	

603938	

603939	

603960	

603978	

603986	

603990	

000333	

002025	

002026	

002034	

002035	

002044	

002046	

002049	

002058	

002061	

002087	

002105	

002178	

002193	

002222	

002236	

002262	

002275	

002398	

002627	

002649	

002669	

002676	

002677	

002682	

002687	

002694	

002718	

002742	

002745	

002749	

002757	

002812	

002821	

002828	

002829	

002833	

002838	

002840	

002841	

002856	

002863	

002864	

002865	

002871	

002879	

002880	

002883	

002884	

002888	

002890	

002895	

002896	

002901	

002902	

002903	

002907	

002908	

002909	

002910	

002912	

002915	

002916	

002919	

002920	

002921	

002922	

002923	

002927	

002929	

002931	

300072	

300124	

300176	

300211	

300260	

300270	

300281	

300305	

300308	

300309	

300316	

300320	

300330	

300335	

300349	

300357	

300382	

300391	

300393	

300398	

300415	

300417	

300421	

300423	

300470	

300472	

300475	

300477	

300478	

300482	

300487	

300504	

300554	

300567	

300571	

300572	

300577	

300584	

300588	

300595	

300601	

300603	

300604	

300605	

300606	

300607	

300612	

300618	

300624	

300627	

300629	

300630	

300634	

300639	

300642	

300644	

300645	

300648	

300653	

300654	

300655	

300656	

300661	

300663	

300664	

300666	

300667	

300668	

300671	

300672	

300673	

300676	

300677	

300678	

300680	

300681	

300684	

300685	

300687	

300691	

300692	

300696	

300697	

300699	

300700	

300701	

300705	

300706	

300707	

300708	

300711	

300715	

300718	

300719	

300720	

300721	

300722	

300725	

300726	

300727	

300729	

300730	

300731	

300732	

300735	

300736	

300738	

300739	

300740