300624	
002921	
603986	
603712	
002925	
300680	
603180	
300666	
603801	
300738	
300661	
300727	
603655	
300731	
300687	
603283	
002929	
300645	
002919	
603533	
300684	
603286	
603895	
603329	
002922	
300725	
300700	
603516	
300644	
300607	
002915	
300672	
300730	
300676	
300685	
603506	
600903	
603356	
300740	
603056	
002840	
603612	
300732	
603709	
603595	
603707	
603488	
300618	
002912	
002927	
